image: /home/lab816/agv_ws/src/sdc/maps/1114_map.pgm
resolution: 0.025000
origin: [-30.400000, -20.000000, 0.000000]
negate: 0
occupied_thresh: 0.65
free_thresh: 0.196

