image: /home/lab816/agv_ws/src/sdc/maps/1121_map2.pgm
resolution: 0.020000
origin: [-31.520000, -20.000000, 0.000000]
negate: 0
occupied_thresh: 0.65
free_thresh: 0.196

