image: /home/lab816/agv_ws/src/sdc/maps/20240705_test5_1map.pgm
resolution: 0.010000
origin: [-31.200000, -20.000000, 0.000000]
negate: 0
occupied_thresh: 0.65
free_thresh: 0.196

