image: /home/lab816/agv_ws/src/sdc/maps/current_area.pgm
resolution: 0.050000
origin: [-45.600000, -20.000000, 0.000000]
negate: 0
occupied_thresh: 0.65
free_thresh: 0.196

